epoch:0 0.1071  0.2245  0.1148  -1.0000  0.0303  0.1072  0.1218  0.1895  0.1945  -1.0000  0.3000  0.1891  1.7367  0.005000
epoch:1 0.0892  0.3195  0.0332  -1.0000  0.1713  0.0902  0.1186  0.2759  0.3165  -1.0000  0.2000  0.3189  1.2807  0.005000
epoch:2 0.0336  0.1338  0.0038  -1.0000  0.6010  0.0329  0.0538  0.1628  0.2108  -1.0000  0.6000  0.2047  1.9538  0.005000
epoch:3 0.0203  0.0580  0.0001  -1.0000  0.0000  0.0203  0.0269  0.0519  0.0846  -1.0000  0.0000  0.0846  1.5272  0.001650
epoch:4 0.0827  0.2635  0.0359  -1.0000  0.4515  0.0824  0.0973  0.2111  0.2780  -1.0000  0.4500  0.2746  1.3594  0.001650
epoch:5 0.0862  0.2793  0.0376  -1.0000  0.2757  0.0852  0.1220  0.2754  0.3466  -1.0000  0.3500  0.3479  1.1066  0.001650
epoch:6 0.0246  0.0857  0.0000  -1.0000  0.0000  0.0246  0.0423  0.0538  0.0538  -1.0000  0.0000  0.0538  1.7042  0.000545
epoch:7 0.0213  0.1000  0.0008  -1.0000  0.0000  0.0213  0.0346  0.0558  0.0558  -1.0000  0.0000  0.0558  1.4177  0.000545
epoch:8 0.0218  0.0906  0.0030  -1.0000  0.0000  0.0218  0.0346  0.1154  0.1577  -1.0000  0.0000  0.1577  1.3596  0.000545
epoch:9 0.0243  0.1009  0.0015  -1.0000  0.0000  0.0243  0.0365  0.1038  0.1487  -1.0000  0.0000  0.1487  1.2823  0.000180
epoch:10 0.0252  0.1050  0.0054  -1.0000  0.1515  0.0251  0.0327  0.1269  0.1735  -1.0000  0.1500  0.1713  1.1989  0.000180
epoch:11 0.0150  0.0650  0.0016  -1.0000  0.1515  0.0149  0.0404  0.1184  0.1555  -1.0000  0.1500  0.1537  1.1831  0.000180
epoch:12 0.0149  0.0592  0.0034  -1.0000  0.1515  0.0148  0.0365  0.1173  0.1675  -1.0000  0.1500  0.1667  1.1544  0.000059
epoch:13 0.0148  0.0662  0.0009  -1.0000  0.1515  0.0147  0.0365  0.1077  0.1561  -1.0000  0.1500  0.1557  1.1303  0.000059
epoch:14 0.0158  0.0685  0.0011  -1.0000  0.1515  0.0158  0.0365  0.1117  0.1677  -1.0000  0.1500  0.1675  1.0928  0.000059
