epoch:0 0.1172  0.2521  0.0917  -1.0000  0.0935  0.1175  0.1450  0.1740  0.2170  -1.0000  0.5000  0.2130  1.7465  0.005000
epoch:1 0.0000  0.0000  0.0000  -1.0000  0.0000  0.0000  0.0000  0.0000  0.0000  -1.0000  0.0000  0.0000  1.3934  0.005000
epoch:2 0.0000  0.0000  0.0000  -1.0000  0.0000  0.0000  0.0000  0.0000  0.0000  -1.0000  0.0000  0.0000  1.7373  0.005000
epoch:3 0.0343  0.0594  0.0264  -1.0000  0.0000  0.0343  0.0385  0.0385  0.0385  -1.0000  0.0000  0.0385  1.7772  0.001650
epoch:4 0.0907  0.2076  0.0666  -1.0000  0.1584  0.0898  0.1158  0.2002  0.2172  -1.0000  0.6500  0.2094  1.4703  0.001650
epoch:5 0.1417  0.3202  0.1205  -1.0000  0.2027  0.1404  0.1648  0.2590  0.2870  -1.0000  0.6500  0.2804  1.2232  0.001650
epoch:6 0.1404  0.3414  0.0903  -1.0000  0.6515  0.1345  0.1751  0.3255  0.3592  -1.0000  0.6500  0.3527  1.0429  0.000545
epoch:7 0.1438  0.3602  0.0810  -1.0000  0.6515  0.1372  0.1769  0.3132  0.3690  -1.0000  0.6500  0.3623  0.9529  0.000545
epoch:8 0.1393  0.3406  0.0782  -1.0000  0.6515  0.1334  0.1642  0.3085  0.3623  -1.0000  0.6500  0.3560  0.8098  0.000545
epoch:9 0.1428  0.3628  0.0820  -1.0000  0.6515  0.1372  0.1632  0.3076  0.3531  -1.0000  0.6500  0.3469  0.7458  0.000180
epoch:10 0.1540  0.3956  0.0803  -1.0000  0.6515  0.1471  0.1758  0.3158  0.3683  -1.0000  0.6500  0.3621  0.7086  0.000180
epoch:11 0.1606  0.4111  0.0849  -1.0000  0.6515  0.1522  0.1821  0.3257  0.3797  -1.0000  0.6500  0.3733  0.6862  0.000180
epoch:12 0.1671  0.4167  0.0815  -1.0000  0.6515  0.1595  0.1801  0.3318  0.3694  -1.0000  0.6500  0.3621  0.6724  0.000059
epoch:13 0.1606  0.4089  0.0769  -1.0000  0.6515  0.1527  0.1743  0.3253  0.3847  -1.0000  0.6500  0.3787  0.6652  0.000059
epoch:14 0.1583  0.4054  0.0794  -1.0000  0.6515  0.1529  0.1763  0.3308  0.3665  -1.0000  0.6500  0.3598  0.6457  0.000059
