epoch:0 0.0753  0.1600  0.0615  0.0305  0.0544  0.0851  0.2363  0.3731  0.3835  0.0983  0.2472  0.4339  1.0795  0.005000
epoch:1 0.2009  0.3550  0.2059  0.0826  0.1518  0.2183  0.3435  0.5173  0.5322  0.2712  0.4144  0.5791  0.6872  0.001650
epoch:2 0.2960  0.4735  0.3163  0.1161  0.2144  0.3265  0.3856  0.5740  0.5905  0.2993  0.4733  0.6378  0.5155  0.000545
epoch:3 0.3303  0.5200  0.3516  0.1304  0.2406  0.3628  0.3970  0.5832  0.6018  0.2997  0.4908  0.6481  0.4272  0.000180
epoch:4 0.3470  0.5441  0.3694  0.1279  0.2491  0.3834  0.4016  0.5860  0.6043  0.2908  0.4848  0.6533  0.3893  0.000059
epoch:5 0.3495  0.5483  0.3750  0.1329  0.2527  0.3856  0.4012  0.5877  0.6067  0.2980  0.4990  0.6539  0.3748  0.000020
epoch:6 0.3558  0.5586  0.3797  0.1376  0.2552  0.3937  0.4059  0.5919  0.6109  0.2977  0.4990  0.6592  0.3707  0.000006
epoch:7 0.3502  0.5494  0.3742  0.1310  0.2519  0.3875  0.3992  0.5868  0.6045  0.2963  0.4926  0.6528  0.3695  0.000002
epoch:8 0.3480  0.5473  0.3723  0.1267  0.2511  0.3851  0.3990  0.5848  0.6035  0.2928  0.4876  0.6528  0.3684  0.000001
epoch:9 0.3474  0.5454  0.3690  0.1274  0.2511  0.3841  0.3989  0.5833  0.6013  0.2855  0.4818  0.6513  0.3674  0.000000
epoch:10 0.3539  0.5556  0.3780  0.1361  0.2573  0.3901  0.4055  0.5930  0.6124  0.3010  0.4985  0.6608  0.3681  0.000000
epoch:11 0.3503  0.5483  0.3734  0.1301  0.2538  0.3869  0.4021  0.5869  0.6058  0.3044  0.4908  0.6556  0.3673  0.000000
epoch:12 0.3522  0.5504  0.3777  0.1328  0.2530  0.3895  0.4038  0.5898  0.6089  0.3076  0.4932  0.6568  0.3672  0.000000
epoch:13 0.3448  0.5412  0.3667  0.1257  0.2470  0.3809  0.3978  0.5821  0.6008  0.2893  0.4813  0.6498  0.3684  0.000000
epoch:14 0.3474  0.5444  0.3703  0.1286  0.2486  0.3838  0.4004  0.5853  0.6036  0.2980  0.4902  0.6517  0.3675  0.000000
