epoch:0 0.1456  0.2838  0.1290  -1.0000  0.0000  0.1459  0.1577  0.2058  0.2108  -1.0000  0.0000  0.2126  1.7357  0.005000
epoch:1 0.0624  0.2141  0.0134  -1.0000  0.0000  0.0700  0.0935  0.1554  0.1554  -1.0000  0.0000  0.1554  1.2213  0.005000
epoch:2 0.0091  0.0342  0.0000  -1.0000  0.0000  0.0117  0.0251  0.0453  0.0453  -1.0000  0.0000  0.0454  1.6271  0.005000
epoch:3 0.0441  0.1655  0.0032  -1.0000  0.0505  0.0445  0.0640  0.1937  0.2150  -1.0000  0.1000  0.2172  1.6390  0.001650
epoch:4 0.1276  0.3194  0.0704  -1.0000  0.3185  0.1272  0.1403  0.3074  0.3403  -1.0000  0.3500  0.3399  1.0845  0.001650
epoch:5 0.1117  0.3303  0.0902  -1.0000  0.1845  0.1117  0.1676  0.3011  0.3311  -1.0000  0.2000  0.3332  0.9000  0.001650
epoch:6 0.1690  0.4121  0.1539  -1.0000  0.1215  0.1692  0.2060  0.3537  0.3817  -1.0000  0.3000  0.3835  0.8438  0.000545
epoch:7 0.1876  0.4766  0.1240  -1.0000  0.2505  0.1869  0.2413  0.3507  0.3722  -1.0000  0.2500  0.3744  0.7384  0.000545
epoch:8 0.1756  0.4686  0.1222  -1.0000  0.3010  0.1752  0.2337  0.3468  0.3727  -1.0000  0.3500  0.3723  0.6727  0.000545
epoch:9 0.1754  0.4596  0.1208  -1.0000  0.4097  0.1747  0.2274  0.3472  0.3540  -1.0000  0.5500  0.3502  0.5780  0.000180
epoch:10 0.1949  0.4781  0.1245  -1.0000  0.3010  0.1941  0.2138  0.3624  0.3783  -1.0000  0.3500  0.3783  0.5376  0.000180
epoch:11 0.2024  0.4725  0.1259  -1.0000  0.4932  0.2005  0.2221  0.3781  0.3940  -1.0000  0.6500  0.3882  0.5688  0.000180
epoch:12 0.2066  0.5008  0.1505  -1.0000  0.4932  0.2059  0.2163  0.3752  0.3932  -1.0000  0.6500  0.3876  0.5386  0.000059
epoch:13 0.2103  0.4822  0.1553  -1.0000  0.4932  0.2094  0.2269  0.3818  0.3998  -1.0000  0.6500  0.3939  0.5415  0.000059
epoch:14 0.1969  0.4827  0.1108  -1.0000  0.3845  0.1960  0.2347  0.3673  0.3833  -1.0000  0.4500  0.3813  0.5572  0.000059
