epoch:0 0.0985  0.2319  0.0910  -1.0000  0.0000  0.0991  0.1308  0.2769  0.2864  -1.0000  0.0000  0.2882  1.6006  0.005000
epoch:1 0.1241  0.3446  0.0777  -1.0000  0.1010  0.1265  0.1147  0.3381  0.3795  -1.0000  0.1000  0.3856  1.1942  0.001650
epoch:2 0.1723  0.4201  0.1186  -1.0000  0.1340  0.1723  0.2143  0.3313  0.3697  -1.0000  0.3500  0.3708  0.9181  0.000545
epoch:3 0.1848  0.4539  0.1273  -1.0000  0.0765  0.1857  0.2462  0.3510  0.3774  -1.0000  0.4000  0.3758  0.7141  0.000180
epoch:4 0.1707  0.3989  0.1144  -1.0000  0.1030  0.1717  0.2568  0.3540  0.3894  -1.0000  0.4500  0.3878  0.6552  0.000059
epoch:5 0.1804  0.4185  0.1274  -1.0000  0.1089  0.1810  0.2682  0.3888  0.4103  -1.0000  0.4500  0.4083  0.5960  0.000020
epoch:6 0.1814  0.4270  0.1284  -1.0000  0.0862  0.1821  0.2416  0.3577  0.3917  -1.0000  0.4000  0.3909  0.5906  0.000006
epoch:7 0.1644  0.4025  0.1089  -1.0000  0.1208  0.1651  0.2251  0.3515  0.3860  -1.0000  0.5000  0.3834  0.5820  0.000002
epoch:8 0.1661  0.4044  0.1100  -1.0000  0.0811  0.1669  0.2178  0.3392  0.3692  -1.0000  0.4500  0.3671  0.5933  0.000001
epoch:9 0.1770  0.4252  0.1097  -1.0000  0.0969  0.1781  0.2551  0.3607  0.3957  -1.0000  0.4500  0.3943  0.5998  0.000000
epoch:10 0.1656  0.4113  0.1096  -1.0000  0.1007  0.1665  0.2222  0.3398  0.3817  -1.0000  0.5000  0.3790  0.6079  0.000000
epoch:11 0.1708  0.4180  0.1123  -1.0000  0.0528  0.1718  0.2264  0.3520  0.3955  -1.0000  0.4000  0.3952  0.5826  0.000000
epoch:12 0.1748  0.4009  0.1264  -1.0000  0.1040  0.1757  0.2530  0.3468  0.3813  -1.0000  0.4500  0.3796  0.6380  0.000000
epoch:13 0.1708  0.3978  0.1183  -1.0000  0.1025  0.1717  0.2379  0.3565  0.3855  -1.0000  0.5000  0.3826  0.5875  0.000000
epoch:14 0.1677  0.4054  0.1078  -1.0000  0.1435  0.1683  0.2227  0.3472  0.3682  -1.0000  0.4500  0.3656  0.6075  0.000000
